1	2.42487e-06
2	4.25144e-06
3	6.07631e-06
4	7.97855e-06
5	1.01397e-05
6	1.19138e-05
7	1.44315e-05
8	1.65625e-05
9	1.82122e-05
10	2.02595e-05
11	2.20565e-05
12	2.38201e-05
13	2.64208e-05
14	2.77649e-05
15	2.95645e-05
16	3.14043e-05
17	3.37497e-05
18	3.53351e-05
19	3.78349e-05
20	3.97631e-05
21	4.26038e-05
22	4.53505e-05
23	4.67191e-05
24	4.87389e-05
25	5.19479e-05
26	5.32407e-05
27	5.51444e-05
28	5.70149e-05
29	5.97052e-05
30	6.15716e-05
31	6.33497e-05
32	6.53999e-05
33	6.7559e-05
34	6.93989e-05
35	7.18109e-05
36	7.36505e-05
37	7.60425e-05
38	7.90326e-05
39	8.02069e-05
40	8.23626e-05
41	8.53553e-05
42	8.6357e-05
43	8.84855e-05
44	9.06403e-05
45	9.27134e-05
46	9.45948e-05
47	9.66106e-05
48	9.90376e-05
49	0.000101169
50	0.000103748
51	0.000106311
52	0.000108458
53	0.00011065
54	0.000112664
55	0.000115576
56	0.000117194
57	0.000120188
58	0.000121907
59	0.000124407
60	0.000126784
61	0.00012901
62	0.000130744
63	0.000133995
64	0.00013549
65	0.000137378
66	0.000139414
67	0.000141546
68	0.000143456
69	0.000146292
70	0.000148644
71	0.00015184
72	0.000153092
73	0.000155692
74	0.000157642
75	0.00016046
76	0.000163174
77	0.000167523
78	0.000169195
79	0.000170781
80	0.00017347
81	0.000176924
82	0.000178321
83	0.000180239
84	0.000182987
85	0.000185328
86	0.000186854
87	0.000191057
88	0.000192237
89	0.000194336
90	0.000196361
91	0.000199053
92	0.000202626
93	0.000203868
94	0.000206406
95	0.00020918
96	0.000212444
97	0.000213661
98	0.000218235
99	0.000217748
100	0.000220767
101	0.000222983
102	0.000224911
103	0.000228939
104	0.000230609
105	0.000233412
106	0.000235599
107	0.000238404
108	0.000240641
109	0.000244661
110	0.000245683
111	0.000248008
112	0.000251211
113	0.000253214
114	0.000257625
115	0.000257504
116	0.00026125
117	0.000263347
118	0.000266808
119	0.000268296
120	0.00027319
121	0.000274174
122	0.000276557
123	0.000279213
124	0.000281808
125	0.00028507
126	0.000287995
127	0.000290171
128	0.000292891
129	0.000294764
130	0.000298517
131	0.000301124
132	0.000304885
133	0.000307169
134	0.000309174
135	0.000312563
136	0.000315058
137	0.000319312
138	0.000322165
139	0.000324472
140	0.000327119
141	0.000330027
142	0.000333086
143	0.000337337
144	0.000338778
145	0.000343149
146	0.000345094
147	0.000346711
148	0.000350803
149	0.000353362
150	0.000356238
151	0.000359327
152	0.000360698
153	0.000363159
154	0.000368027
155	0.000370226
156	0.000373964
157	0.000376984
158	0.000378042
159	0.000381258
160	0.00038414
161	0.000388741
162	0.000389389
163	0.000392478
164	0.000394442
165	0.00039959
166	0.000401739
167	0.000404933
168	0.000406784
169	0.000410225
170	0.000413733
171	0.000417087
172	0.000419982
173	0.000421273
174	0.000426023
175	0.000427498
176	0.000431965
177	0.000437166
178	0.000438618
179	0.000441084
180	0.000443815
181	0.000447153
182	0.000450621
183	0.000456762
184	0.00045678
185	0.000461398
186	0.000464572
187	0.000467211
188	0.000470162
189	0.000475782
190	0.00047681
191	0.000480094
192	0.00048253
193	0.000485695
194	0.000488971
195	0.000493353
196	0.000494778
197	0.000499162
198	0.000502225
199	0.000505844
200	0.000509497
201	0.000513296
202	0.000514883
203	0.000520283
204	0.000522176
205	0.000524227
206	0.000528914
207	0.000531293
208	0.000534832
209	0.000538079
210	0.000541692
211	0.000545703
212	0.000550454
213	0.000553558
214	0.000554161
215	0.000558908
216	0.000562689
217	0.000565739
218	0.000570977
219	0.000571798
220	0.000577775
221	0.000580332
222	0.000583338
223	0.000588788
224	0.000591088
225	0.000594416
226	0.000598098
227	0.000601773
228	0.000604958
229	0.00060801
230	0.000613039
231	0.000615422
232	0.000619279
233	0.000621681
234	0.000627366
235	0.000630128
236	0.000635108
237	0.000635802
238	0.000640814
239	0.000643208
240	0.000648766
241	0.000651039
242	0.00065489
243	0.000659767
244	0.000662489
245	0.000667883
246	0.000670187
247	0.000673502
248	0.000680239
249	0.000683014
250	0.000686696
251	0.000692366
252	0.00069372
253	0.000698025
254	0.000700101
255	0.000707507
256	0.000710859
257	0.000714583
258	0.000718157
259	0.000720312
260	0.0007266
261	0.000731665
262	0.000735627
263	0.000742424
264	0.00074374
265	0.000747866
266	0.00075051
267	0.00075598
268	0.000762508
269	0.000767876
270	0.000772085
271	0.000778209
272	0.000781084
273	0.00078445
274	0.000787503
275	0.000794397
276	0.000795314
277	0.000802866
278	0.000803684
279	0.000809181
280	0.000812604
281	0.000819372
282	0.000823241
283	0.000827129
284	0.000832717
285	0.000836558
286	0.000841513
287	0.000847057
288	0.00085234
289	0.000858759
290	0.000863342
291	0.000864784
292	0.000870625
293	0.000881029
294	0.000881108
295	0.000886068
296	0.000891616
297	0.000898954
298	0.000901236
299	0.000904811
300	0.000912742
301	0.00091421
302	0.000920008
303	0.000926207
304	0.000932724
305	0.00093856
306	0.000942499
307	0.000945602
308	0.000950041
309	0.00095651
310	0.000962026
311	0.000968819
312	0.000972988
313	0.000977383
314	0.000984491
315	0.000991237
316	0.000997505
317	0.00100315
318	0.00102025
319	0.00102089
320	0.00103432
321	0.00103491
322	0.00104493
323	0.00104879
324	0.00104874
325	0.00106014
326	0.00106227
327	0.00107217
328	0.00107094
329	0.0010836
330	0.00108377
331	0.001088
332	0.00110085
333	0.00110033
334	0.00111284
335	0.00111376
336	0.00112328
337	0.00112594
338	0.00113835
339	0.0011416
340	0.00115212
341	0.00115277
342	0.00116133
343	0.00116427
344	0.00117499
345	0.00117481
346	0.00119009
347	0.00119086
348	0.00120251
349	0.00120269
350	0.00121225
351	0.00121713
352	0.00122706
353	0.00122887
354	0.00123912
355	0.00124181
356	0.0012525
357	0.00125983
358	0.00126887
359	0.00126937
360	0.00127986
361	0.00128255
362	0.00129393
363	0.00129964
364	0.00130578
365	0.00131952
366	0.00131632
367	0.00132764
368	0.00133431
369	0.00133626
370	0.00135465
371	0.00135905
372	0.00136108
373	0.00137199
374	0.00137465
375	0.00138475
376	0.00139992
377	0.00140233
378	0.00140849
379	0.00141477
380	0.0014243
381	0.00142933
382	0.00144376
383	0.0014496
384	0.00148979
385	0.00145136
386	0.00145772
387	0.0014707
388	0.00147777
389	0.0014839
390	0.00149264
391	0.0015035
392	0.0015118
393	0.00152671
394	0.00152933
395	0.00154018
396	0.00154727
397	0.00156151
398	0.00157582
399	0.00158511
400	0.00158802
401	0.0016016
402	0.00161011
403	0.00162434
404	0.00162671
405	0.00164295
406	0.00164705
407	0.00166571
408	0.00167386
409	0.00168383
410	0.00169391
411	0.0017084
412	0.00171714
413	0.00172147
414	0.00173655
415	0.00174999
416	0.00176716
417	0.0017696
418	0.00178347
419	0.00179524
420	0.00182002
421	0.00182036
422	0.00183564
423	0.00184905
424	0.0018612
425	0.00187323
426	0.00188321
427	0.00189441
428	0.00191274
429	0.00191907
430	0.00193434
431	0.0019467
432	0.00196802
433	0.00197632
434	0.00199148
435	0.00200356
436	0.00201963
437	0.00202956
438	0.00205023
439	0.00205473
440	0.00208645
441	0.00208788
442	0.00210476
443	0.00213323
444	0.00214279
445	0.00215999
446	0.00217193
447	0.00219488
448	0.00220973
449	0.00222626
450	0.00223625
451	0.00225487
452	0.0022808
453	0.00229885
454	0.00231194
455	0.00232745
456	0.00235187
457	0.00236861
458	0.00238203
459	0.00239907
460	0.00243173
461	0.00244949
462	0.00247496
463	0.0024982
464	0.00251895
465	0.00253361
466	0.00255338
467	0.0025983
468	0.00259803
469	0.0026293
470	0.00265391
471	0.00268458
472	0.00269578
473	0.00273039
474	0.00275579
475	0.00278289
476	0.00281223
477	0.00284878
478	0.00287543
479	0.00290285
480	0.00292474
481	0.00296508
482	0.00300268
483	0.00302837
484	0.00305855
485	0.00310663
486	0.00314584
487	0.00321892
488	0.00321788
489	0.00325347
490	0.00329871
491	0.00335766
492	0.00340058
493	0.00346689
494	0.00353223
495	0.00358342
496	0.00363868
497	0.00373437
498	0.00382493
499	0.00391045
